inclination: 80
period: 3.8
epoch1: 5.96902
period1: 3.89072
latitude1: 22.0193
spot size1: 6.3966
epoch2: 3.14587
period2: 4.06078
latitude2: 39.0215
spot size2: 8.72457
epoch3: 4.44219
period3: 4.05364
latitude3: 38.4164
spot size3: 6.84799
